int melody[] = { 
659, 622, 0, 659, 622, 659, 494, 587, 523, 0, 440, 0, 262, 330, 440, 110, 165, 220, 0, 0, 494, 0, 330, 415, 494, 82, 165, 208, 0, 0, 523, 0, 330, 659, 622, 110, 165, 220, 0, 0, 659, 622, 659, 494, 587, 523, 0, 440, 0, 262, 330, 440, 110, 165, 220, 0, 0, 494, 0, 294, 523, 494, 82, 165, 208, 0, 0, 440, 110, 165, 220, 0, 440, 0, 494, 523, 587, 110, 165, 220, 0, 0, 659, 392, 698, 659, 131, 196, 262, 0, 0, 587, 349, 659, 587, 98, 196, 247, 0, 0, 523, 330, 587, 523, 110, 165, 220, 0, 0, 494, 0, 330, 659, 0, 82, 165, 330, 0, 0, 330, 0, 659, 1319, 0, 0, 622, 659, 0, 0, 622, 659, 0, 659, 0, 622, 659, 622, 0, 622, 659, 0, 0, 659, 622, 659, 494, 587, 523, 0, 440, 0, 262, 330, 440, 110, 165, 220, 0, 0, 494, 0, 330, 415, 494, 82, 165, 208, 0, 0, 523, 0, 330, 659, 622, 110, 165, 220, 0, 0, 659, 622, 659, 494, 587, 523, 0, 440, 0, 262, 330, 440, 110, 165, 220, 0, 0, 494, 0, 294, 523, 494, 82, 165, 208, 0, 0, 440, 0, 494, 523, 587, 110, 165, 220, 0, 0, 440, 0, 330, 523, 349, 523, 330, 392, 523, 110, 165, 220, 233, 262, 220, 262, 196, 233, 262, 0 
};
int noteDurations[] = { 
126, 126, 252, 126, 126, 126, 126, 126, 126, 756, 252, 126, 126, 126, 126, 126, 126, 126, 126, 252, 252, 126, 126, 126, 126, 126, 126, 126, 126, 252, 252, 126, 126, 126, 126, 126, 126, 126, 126, 252, 126, 126, 126, 126, 126, 126, 756, 252, 126, 126, 126, 126, 126, 126, 126, 126, 252, 252, 126, 126, 126, 126, 126, 126, 126, 126, 252, 504, 126, 126, 126, 126, 252, 126, 126, 126, 126, 126, 126, 126, 126, 252, 378, 126, 126, 126, 126, 126, 126, 126, 252, 378, 126, 126, 126, 126, 126, 126, 126, 252, 378, 126, 126, 126, 126, 126, 126, 126, 252, 252, 126, 126, 126, 126, 126, 126, 126, 126, 126, 126, 126, 126, 126, 126, 126, 126, 126, 126, 126, 126, 126, 126, 252, 126, 126, 126, 126, 126, 126, 126, 126, 252, 126, 126, 126, 126, 126, 126, 756, 252, 126, 126, 126, 126, 126, 126, 126, 126, 252, 252, 126, 126, 126, 126, 126, 126, 126, 126, 252, 252, 126, 126, 126, 126, 126, 126, 126, 126, 252, 126, 126, 126, 126, 126, 126, 756, 252, 126, 126, 126, 126, 126, 126, 126, 126, 252, 252, 126, 126, 126, 126, 126, 126, 126, 126, 252, 252, 126, 126, 126, 126, 126, 126, 126, 126, 252, 252, 126, 126, 126, 126, 126, 126, 126, 126, 126, 126, 126, 126, 126, 126, 126, 126, 126, 126, 0 
};

void setup() {
  
  for (int thisNote = 0; thisNote < sizeof(melody) / sizeof(int); thisNote++)
  {    
    tone(11, melody[thisNote], noteDurations[thisNote] * .7);    
    delay(noteDurations[thisNote]);    
    noTone(11);
  }
}

void loop() {
  // no need to repeat the melody.
}
